ped	id	sex	mother	father	Total_Ages_Available	ID	Exists_As_Adult	RRBS_Missingness	Total_NG_Remaining
1	1	1	113	127	1	B2X3682	1	0.787832186	4032
1	2	1	113	127	1	B2X3683	1	0.886709213	3633
1	3	1	113	138	1	B2X3686	1	0.848898594	1212
1	4	1	113	127	1	B2X3690	1	0.868130179	1687
1	5	1	113	127	1	B2X3691	1	0.910490002	3008
1	6	1	114	126	1	B2X4454	1	0.883572588	3108
1	7	1	114	126	1	B2X4455	1	0.863184377	1370
1	12	2	119	6	1	B2V8972	1	0.822358986	3231
1	13	2	119	6	1	B2V8973	1	0.807000566	521.6364182
1	14	1	121	143	1	B2X7642	1	0.906566159	281.5
1	15	2	122	25	1	B4E9350	1	0.864255733	3832
1	16	2	173	183	1	B2X3546	1	0.838572811	0
1	17	2	174	184	2	B2X3614	1	0.757409307	3630
1	21	2	176	185	2	B2X4346	1	0.898226071	103
1	22	1	177	186	1	B2X3125	1	0.859206582	15727.5
1	23	2	16	112	1	B2X4197	1	0.876238372	1589.635518
1	24	2	16	125	1	B2X4305	1	0.884322935	1197.915104
1	25	1	17	134	1	B2X7401	1	0.815781097	1275
1	26	2	17	143	1	B2X7402	1	0.909011514	1256
1	28	2	17	143	2	B2X7407	1	0.795461786	832.5
1	29	2	17	134	1	B2X7408	1	0.842243976	1381.340933
1	30	1	17	134	2	B2X7410	1	0.771119838	707.5
1	31	1	136	132	1	B2X4108	1	0.913842863	3516
1	32	1	136	132	1	B2X4110	1	0.889553587	2592
1	33	1	136	124	1	B2X4112	1	0.816501835	1581
1	34	2	137	22	1	B2X4123	1	0.718487046	596
1	35	1	137	22	1	B2X4133	1	0.950120616	1738.953052
1	36	1	139	128	1	B2X4031	1	0.935024697	1743
1	37	2	139	128	1	B2X4034	1	0.864936611	5616
1	38	2	139	128	2	B2X4036	1	0.911833111	1777.5
1	45	1	141	144	1	B2X4825	1	0.870096513	1943.557822
1	46	2	142	135	1	B2X4101	1	0.865571937	2538
1	47	2	142	138	1	B2X4102	1	0.875464109	3591
1	50	2	38	130	2	B2X7638	1	0.756888292	314.8492575
1	52	1	24	188	1	B2X7045	1	0.772614697	1761.181941
1	57	2	21	30	2	B3Y6650	1	0.845065145	448
1	58	2	147	134	1	B2X7334	1	0.91314234	966.2891855
1	59	2	147	134	1	B2X7338	1	0.807592331	1247.922604
1	60	1	147	134	1	B2X7339	1	0.855901409	1225.288736
1	61	2	147	134	2	B2X7340	1	0.867959923	194
1	62	2	149	52	1	B3Y5518	1	0.85416341	1926
1	63	1	179	189	2	B3Y5820	1	0.77535871	875
1	65	2	59	145	1	B3Y6090	1	0.836747692	1319.621429
1	66	1	59	150	1	B3Y6099	1	0.77429191	1620
1	74	1	155	162	1	B4H0825	1	0.95173434	2958
1	78	2	155	152	2	B4H0832	1	0.963930796	3904.4
1	80	1	158	157	1	B3Y6857	1	0.904851933	3364
1	81	1	158	157	1	B3Y6859	1	0.895453729	1538.22
1	82	2	160	118	1	B4E9421	1	0.865942199	1896
1	83	2	181	191	2	B3Y6742	1	0.89272879	534
1	100	2	83	63	2	B4H1338	1	0.861934225	552
1	102	1	83	159	1	B4H1340	1	0.87426008	1594.945714
1	107	1	163	165	1	B4P8908	1	0.886711349	0
1	108	2	163	164	1	B4P8912	1	0.843199455	1233.445714
1	112	1	0	0	1	B1P5975	1	0.875635219	5800
1	113	2	0	0	1	B1V5492	1	0.862951628	1657.5
1	114	2	0	0	1	B1V5571	1	0.902985247	2457
1	118	1	0	0	1	B2V8683	1	0.827938975	4048
1	119	2	0	0	1	B2V8701	1	0.93825186	1596
1	121	2	0	0	1	B2V8793	1	0.894270768	3692
1	122	2	0	0	1	B2V8841	1	0.773204042	5755.5
1	124	1	0	0	1	B2X3020	1	0.959299881	3339
1	125	1	0	0	1	B2X3049	1	0.894683737	1507.5
1	126	1	0	0	1	B2X3074	1	0.918919631	3024
1	127	1	0	0	1	B2X3081	1	0.938482331	740
1	128	1	0	0	1	B2X3087	1	0.91090838	582.660867
1	130	1	0	0	2	B2X3265	1	0.954751247	439.5
1	132	1	0	0	2	B2X3350	1	0.761907548	1053
1	134	1	0	0	1	B2X3498	1	0.887023531	816
1	135	1	0	0	1	B2X3621	1	0.883346672	30
1	136	2	0	0	1	B2X3622	1	0.944881139	0
1	137	2	0	0	1	B2X3630	1	0.931058433	2614.5
1	138	1	0	0	1	B2X3640	1	0.81150137	31.4
1	139	2	0	0	1	B2X3653	1	0.857295908	71.2
1	141	2	0	0	1	B2X3864	1	0.907480783	4800
1	142	2	0	0	1	B2X3931	1	0.76615667	889.8755062
1	143	1	0	0	2	B2X4037	1	0.924623324	26.1
1	144	1	0	0	1	B2X4190	1	0.6853351	500.6674666
1	145	1	0	0	1	B2X4839	1	0.709097667	1526.638668
1	147	2	0	0	1	B2X4845	1	0.977446444	1768.051597
1	149	2	0	0	1	B2X4934	1	0.758313065	7604
1	150	1	0	0	1	B2X4961	1	0.860244342	3948
1	152	1	0	0	2	B2X7195	1	0.914642608	161.7
1	155	2	0	0	2	B2X7415	1	0.940292076	3006
1	157	1	0	0	1	B2X7828	1	0.900433553	587.2431378
1	158	2	0	0	1	B2X7833	1	0.879676504	1405.242238
1	159	1	0	0	1	B2X7889	1	0.743094199	4891.5
1	160	2	0	0	1	B2X7890	1	0.77539558	2980
1	162	1	0	0	1	B4E9273	1	0.701002855	2796
1	163	2	0	0	1	B4H0051	1	0.713142226	3712
1	164	1	0	0	1	B4H0183	1	0.803736818	1040.947953
1	165	1	0	0	1	B4H0271	1	0.747819494	3004
1	8	2	116	115	1	B2X3238	0	0.907765064	526
1	9	1	116	115	1	B2X3243	0	0.893103181	8034
1	10	2	117	123	1	B3Y5802	0	0.685441438	206
1	11	1	117	123	1	B3Y5804	0	0.919698449	476
1	18	1	175	6	1	B2X7097	0	0.918162023	399
1	19	2	131	132	1	B2V8901	0	0.91193162	1385
1	20	2	131	132	1	B2V8902	0	0.970007456	4144
1	27	1	17	143	1	B2X7406	0	0.820225386	1104
1	39	2	140	129	1	B2X7378	0	0.91354691	1506
1	40	2	140	129	1	B2X7380	0	0.633159263	825
1	41	1	140	133	1	B2X7381	0	0.899376148	1240
1	42	1	140	129	1	B2X7382	0	0.896539035	369
1	43	1	140	129	1	B2X7383	0	0.86404875	919.0685714
1	44	1	178	187	1	B2X7022	0	0.925917748	1120
1	48	2	38	130	1	B2X7400	0	0.923019992	358.5
1	49	1	38	130	1	B2X7637	0	0.908884108	898
1	51	2	38	130	1	B2X7639	0	0.806453358	892.5
1	53	2	21	148	1	B3Y6645	0	0.918278184	468
1	54	2	21	30	1	B3Y6646	0	0.854786636	363.7168142
1	55	2	21	30	1	B3Y6648	0	0.732661508	168.4565772
1	56	2	21	30	1	B3Y6649	0	0.888751138	255
1	64	1	151	152	1	B3Y6823	0	0.881007086	143
1	67	1	61	146	1	B3Y5976	0	0.916672574	844
1	68	1	61	146	1	B3Y5977	0	0.92610893	349.5
1	69	1	61	146	1	B3Y5978	0	0.854046111	652
1	70	1	61	156	1	B3Y5980	0	0.825642664	465
1	71	2	61	156	1	B3Y5982	0	0.872838107	609
1	72	2	61	156	1	B3Y5983	0	0.734052733	1022.5
1	73	1	61	156	1	B3Y5984	0	0.92949923	950
1	75	1	155	120	1	B4H0827	0	0.837829012	704
1	76	1	155	152	1	B4H0828	0	0.7093996	597.5485714
1	77	1	155	120	1	B4H0830	0	0.911978882	342
1	79	1	180	190	1	B2X7548	0	0.729136399	92
1	84	1	10	168	1	B4H0543	0	0.856473814	1820
1	85	1	10	169	1	B4H0546	0	0.860803223	603.094842
1	86	1	10	168	1	B4H0548	0	0.866590621	864.3510815
1	87	2	182	192	1	B3Y6935	0	0.834835594	514
1	88	1	161	123	1	B4E9449	0	0.855133742	4509
1	89	2	161	154	1	B4E9451	0	0.92844994	1150
1	90	1	161	123	1	B4E9453	0	0.832175854	717.5
1	91	2	161	123	1	B4E9454	0	0.868670127	460.5
1	92	2	161	123	1	B4E9457	0	0.8860746	255
1	93	2	161	154	1	B4H0631	0	0.921787919	1584
1	94	2	161	154	1	B4H0632	0	0.90059242	1052.03827
1	95	2	161	153	1	B4H0633	0	0.878105201	580.1663894
1	96	2	161	153	1	B4H0634	0	0.815802308	1908
1	97	2	161	154	1	B4H0635	0	0.859169285	2259
1	98	1	161	154	1	B4H0637	0	0.908100165	953.9101498
1	99	1	83	63	1	B4H1335	0	0.853965538	94.5
1	101	1	83	63	1	B4H1339	0	0.886029616	294
1	103	2	83	63	1	B4H1342	0	0.853898347	1746
1	104	2	87	18	1	B4H1194	0	0.727624173	522.1914286
1	105	1	87	44	1	B4H1195	0	0.779262054	4554
1	106	2	87	44	1	B4H1197	0	0.928512291	942.5
1	109	1	167	166	1	B4P8236	0	0.875407452	716.264559
1	110	2	171	170	1	B4X1746	0	0.756981676	896
1	111	2	172	79	1	B4P9995	0	0.810862201	1278
1	115	1	0	0	1	B2F5304	0	0.951673128	0
1	116	2	0	0	1	B2V8308	0	0.859345804	3200
1	117	2	0	0	1	B2V8668	0	0.957994923	782.5
1	120	1	0	0	1	B2V8779	0	0.91997974	2229.5
1	123	1	0	0	1	B2V8993	0	0.942999363	1659
1	129	1	0	0	1	B2X3215	0	0.920553569	388
1	131	2	0	0	1	B2X3328	0	0.848746417	291
1	133	1	0	0	1	B2X3443	0	0.816374215	556.5
1	140	2	0	0	1	B2X3716	0	0.817762379	1525
1	146	1	0	0	1	B2X4843	0	0.839392627	1310
1	148	1	0	0	1	B2X4901	0	0.806225449	1503
1	151	2	0	0	1	B2X7090	0	0.818808253	531
1	153	1	0	0	1	B2X7304	0	0.863240464	1484
1	154	1	0	0	1	B2X7411	0	0.698126737	1589
1	156	1	0	0	1	B2X7608	0	0.878449982	2513
1	161	2	0	0	1	B3Y5931	0	0.690544683	309.2245388
1	166	1	0	0	1	B4H0453	0	0.859321746	373.5
1	167	2	0	0	1	B4H1350	0	0.862766426	792.5
1	168	1	0	0	1	B4H1928	0	0.723024292	381
1	169	1	0	0	1	B4H1996	0	0.744799171	428
1	170	1	0	0	1	B4P8531	0	0.913005253	554
1	171	2	0	0	1	B4P8958	0	0.921927853	1157.5
1	172	2	0	0	1	B4P9464	0	0.881098761	1068
1	173	2	0	0	0	B2X3077	NA	NA	NA
1	174	2	0	0	0	B2X3099	NA	NA	NA
1	175	2	0	0	0	B2X3246	NA	NA	NA
1	176	2	0	0	0	B2X3409	NA	NA	NA
1	177	2	0	0	0	B2X3496	NA	NA	NA
1	178	2	0	0	0	B2X3803	NA	NA	NA
1	179	2	0	0	0	B2X4964	NA	NA	NA
1	180	2	0	0	0	B2X7604	NA	NA	NA
1	181	2	0	0	0	B3Y5504	NA	NA	NA
1	182	2	0	0	0	B3Y5874	NA	NA	NA
1	183	1	0	0	0	B1V5577	NA	NA	NA
1	184	1	0	0	0	B2X3021	NA	NA	NA
1	185	1	0	0	0	B2F5658	NA	NA	NA
1	186	1	0	0	0	B1P5984	NA	NA	NA
1	187	1	0	0	0	B2X4023	NA	NA	NA
1	188	1	0	0	0	B2X4382	NA	NA	NA
1	189	1	0	0	0	B2X4962	NA	NA	NA
1	190	1	0	0	0	B2X7052	NA	NA	NA
1	191	1	0	0	0	B3Y5607	NA	NA	NA
1	192	1	0	0	0	B2X7273	NA	NA	NA
